Learning Rate: 0.8

Total Epochs Performed: 115
Error: 0.009892244451903252
The Weights are: 
[[-0.00534719 -0.14308909 -0.02523096]
 [ 0.01759057 -0.15495149 -0.04801408]
 [-0.61712407 -0.49321466  0.9805845 ]
 [-0.14694058 -0.13282001  0.1110769 ]
 [-0.06869572 -0.50092734  0.35514441]
 [-0.18291504 -0.41028309  0.40092204]
 [ 0.59355614 -0.58666937 -0.27691267]
 [ 0.0125868  -0.14930725 -0.03627231]
 [ 1.11522146 -0.77292008 -0.64242227]
 [-0.11879452 -0.30843489  0.24822634]
 [-0.93610339  0.97607742 -0.34998479]
 [-0.15064958  0.1565051  -0.20431706]
 [ 1.34881397 -0.6178613  -1.07423355]
 [ 0.10618774 -0.27466899 -0.02749925]
 [-0.20039974  0.21938448 -0.24148878]
 [-0.16703645 -0.18370406  0.17022994]
 [-0.13381625  0.21357621 -0.29851202]
 [ 0.12739272 -0.14100739 -0.18370827]
 [-0.0398931  -0.06898539 -0.06682151]
 [-0.09399982 -0.13759026  0.05737542]
 [-0.05768055 -0.17139837  0.05121887]
 [-0.5542761  -0.36457794  0.76426826]
 [-0.0330274  -0.01865036 -0.13030381]
 [-0.30551794  0.55126647 -0.50663257]
 [ 1.33871102 -0.44287625 -1.25625659]
 [-0.3400783  -0.22993994  0.37395171]
 [-0.247466   -0.11486649  0.18984804]
 [-0.0302273  -0.04154678 -0.11105944]
 [-0.17790633 -0.66393242  0.64577827]
 [ 0.60356224 -0.50903176 -0.37960848]
 [ 0.65069978 -0.4299707  -0.51990859]
 [-0.26677364  0.94934086 -1.02683892]
 [-0.42629061 -0.45136983  0.71222857]
 [-0.30703975  0.32444303 -0.24735699]
 [-0.03174903 -0.09951987 -0.04793048]
 [ 0.16710825 -0.60834813  0.19714522]
 [ 0.20426546 -0.20268318 -0.20899363]
 [ 0.00090545 -0.08821516 -0.09144778]
 [ 0.00510547 -0.18656484 -0.00794414]
 [-0.18369327 -0.12119022  0.14239925]
 [ 0.19614373 -0.20033065 -0.19915418]
 [-0.17812524 -0.03698355  0.04407934]
 [-0.20414223  0.26090331 -0.27468176]
 [-0.03790727 -0.08632377 -0.06427487]
 [-0.06249085 -0.04463973 -0.0792213 ]
 [ 0.02669955 -0.0846495  -0.11864862]
 [-0.3114404   0.69774938 -0.68094615]
 [-0.06774075 -0.05524826 -0.0628023 ]
 [ 0.09674426 -0.37363029  0.06699944]
 [ 0.22828313 -0.11090944 -0.33360407]
 [-0.21816992 -0.57204961  0.60180613]
 [-0.52314067  0.01071315  0.31027621]
 [ 0.43966982 -0.20338983 -0.50270418]
 [ 0.0194336  -0.09379822 -0.10664341]
 [-0.72642559  0.03816077  0.4889184 ]
 [-0.17176064  0.04105301 -0.05114097]
 [-0.7067032   1.23323851 -0.91667823]
 [-0.22586324  0.62183013 -0.67895884]
 [-0.13410361 -0.09871569  0.05617701]
 [ 0.09677882 -0.43647444  0.12820724]
 [ 0.47864565 -0.23587613 -0.50779623]
 [-0.40156435 -0.73458603  1.00287563]
 [ 0.44749892 -0.39546969 -0.315893  ]
 [-0.25377565 -0.02730446  0.10135064]
 [-0.54598395  0.99456311 -0.79204207]
 [-0.00427773  0.37647268 -0.6152782 ]
 [-0.06941683  0.02277229 -0.14235644]
 [ 0.48189589 -0.23068849 -0.52131214]
 [-0.36446712  0.0629175   0.09994119]
 [ 0.12499314 -0.21178147 -0.0991788 ]]
Decimal output:[0.96383235 0.00161627 0.05295039]   Resultant Output: [1, 0, 0] = A  Expected Output: [1 0 0]
Decimal output:[0.00242409 0.98883673 0.01954979]   Resultant Output: [0, 1, 0] = J  Expected Output: [0 1 0]
Decimal output:[0.05628016 0.09531975 0.57299432]   Resultant Output: [0, 0, 1] = P  Expected Output: [0 0 1]
Decimal output:[0.98426766 0.01455007 0.00230652]   Resultant Output: [1, 0, 0] = A  Expected Output: [1 0 0]
Decimal output:[0.0032714  0.98739876 0.01458771]   Resultant Output: [0, 1, 0] = J  Expected Output: [0 1 0]
Decimal output:[0.06077277 0.01387381 0.91818323]   Resultant Output: [0, 0, 1] = P  Expected Output: [0 0 1]
Decimal output:[0.78500353 0.0211709  0.0027954 ]   Resultant Output: [1, 0, 0] = A  Expected Output: Ambiguous Character

Learning Rate: 0.4

Total Epochs Performed: 209
Error: 0.009966738026534354
The Weights are: 
[[ 0.40808571 -0.39300393 -0.22447861]
 [-0.01014413  0.51541503 -0.70069142]
 [-0.54620136  0.66200364 -0.29044828]
 [ 0.73000281 -0.32134312 -0.6493351 ]
 [-0.1600458  -0.72120734  0.72656545]
 [ 0.01234999 -0.22996495  0.06595393]
 [ 0.16993873 -0.21824807 -0.12304161]
 [ 0.05078315  0.01880252 -0.21474222]
 [-0.61266885  0.93990452 -0.52898012]
 [ 0.00446558 -0.05581261 -0.08721816]
 [ 0.00439884  0.01508233 -0.17362984]
 [-0.183861   -0.02653447  0.07317221]
 [-0.05892806 -0.02755545 -0.05471236]
 [-0.43097332  1.14938841 -0.94868911]
 [ 0.21575835 -0.2538386  -0.13073665]
 [ 0.50659792 -0.33227043 -0.38195388]
 [-0.45463911 -0.19356307  0.51104524]
 [-0.00233822 -0.19664794  0.0644175 ]
 [ 0.19859839 -0.45212095  0.06308639]
 [ 0.50303476 -0.53082672 -0.18928368]
 [-0.14425586 -0.38790218  0.37764846]
 [-0.59277927 -0.76487812  1.27627502]
 [-0.1496822  -0.31299189  0.31152166]
 [ 0.04574329  0.24695319 -0.46589966]
 [ 0.03498309 -0.59284118  0.36353325]
 [ 0.13888921 -0.22661544 -0.07078561]
 [ 0.31903411 -0.33884704 -0.17915582]
 [ 0.8787105  -0.45781078 -0.66340568]
 [ 0.23669814 -0.22764592 -0.17282392]
 [-0.02772154 -0.28988327  0.16087419]
 [-0.42347338  0.88062052 -0.67107282]
 [-0.10907134 -0.03547223  0.00781452]
 [-0.56153045 -0.3399432   0.77287969]
 [ 0.08224395  0.06832952 -0.30642874]
 [-0.01981081  0.30864021 -0.46178777]
 [-0.12757548  0.12162944 -0.13259677]
 [-0.39701622  0.58450985 -0.36598431]
 [ 0.34883369  0.15637889 -0.71972655]
 [-0.05869103  0.05203337 -0.13335025]
 [ 0.16053009 -0.2769817  -0.0612953 ]
 [-0.26625056  0.21347328 -0.09765998]
 [ 0.41386187 -0.30419931 -0.31586753]
 [ 0.20600338 -0.69473959  0.280818  ]
 [-0.06660184 -0.37146902  0.28390012]
 [ 0.39141363  0.18500221 -0.80007352]
 [-0.6686188   0.34417208  0.15221381]
 [-0.10599187 -0.08127871  0.05145777]
 [-0.22730084  0.09966701 -0.00835626]
 [-0.10672987  0.17286141 -0.2248982 ]
 [-0.70094449  0.3201866   0.20781646]
 [-0.02709604 -0.35786735  0.22689536]
 [-0.05175576  0.30490658 -0.41169558]
 [-0.15268688 -0.08285266  0.09897801]
 [ 0.08055684 -0.48037296  0.20788607]
 [-0.27267685 -0.20197582  0.32113415]
 [-0.30136904  0.28214146 -0.14274962]
 [ 0.97703538 -0.46586235 -0.77277484]
 [ 0.30550415 -0.05289401 -0.4444771 ]
 [ 0.07312966  0.18528139 -0.425177  ]
 [-0.58225307 -0.56178243  1.03637887]
 [ 0.60426554 -0.43657145 -0.38450784]
 [ 0.32894389 -0.17342252 -0.34710336]
 [-0.19511762  0.06266685 -0.01331491]
 [-0.61414193 -0.23607146  0.71729741]
 [-0.21234748  0.4604415  -0.42230904]
 [-0.13474494 -0.23452331  0.21537853]
 [-1.10957812  0.6624569   0.27316401]
 [-0.53912976 -0.03619339  0.43294887]
 [ 0.40482328 -0.62731051  0.00480473]
 [ 0.21130721 -0.20772657 -0.1700353 ]]
Decimal output:[0.96026588 0.00218493 0.05835626]   Resultant Output: [1, 0, 0] = A  Expected Output: [1 0 0]
Decimal output:[0.00309782 0.98912805 0.02335655]   Resultant Output: [0, 1, 0] = J  Expected Output: [0 1 0]
Decimal output:[0.06431585 0.09332779 0.50991992]   Resultant Output: [0, 0, 1] = P  Expected Output: [0 0 1]
Decimal output:[0.98466096 0.01714938 0.00261752]   Resultant Output: [1, 0, 0] = A  Expected Output: [1 0 0]
Decimal output:[0.00460698 0.98750146 0.01650287]   Resultant Output: [0, 1, 0] = J  Expected Output: [0 1 0]
Decimal output:[0.06395717 0.0125142  0.90398134]   Resultant Output: [0, 0, 1] = P  Expected Output: [0 0 1]
Decimal output:[0.78426766 0.01455007 0.00230652]   Resultant Output: [1, 0, 0] = A  Expected Output: Ambiguous Character

Learning Rate: 0.2

Total Epochs Performed: 397
Error: 0.009971611539056503
The Weights are: 
[[ 0.05893525 -0.06211459 -0.13695792]
 [-0.51606025 -0.53197621  0.95786366]
 [-0.27526256 -0.20121272  0.33523803]
 [-0.31513814  0.45649825 -0.28700554]
 [-0.07035938 -0.65061807  0.56463918]
 [ 0.12035726  0.0321854  -0.31897774]
 [-0.12307087  0.5487966  -0.59494264]
 [-0.13772434 -0.20883777  0.20558578]
 [-0.51316145  0.57164501 -0.19555532]
 [ 0.3943485  -0.39411072 -0.19502249]
 [-0.25239445  0.43969684 -0.33605328]
 [ 0.08022152 -0.10805068 -0.12356181]
 [-0.7405376   0.28379255  0.3239752 ]
 [ 0.1698652  -0.58649381  0.22569617]
 [-0.68664737 -0.37309115  0.98280407]
 [ 0.13078038 -0.41008289  0.10749466]
 [-0.42668527  0.13448107  0.146673  ]
 [-0.40969526  0.25492837  0.00230655]
 [-0.36120957  0.63989094 -0.43455254]
 [-0.0376041  -0.19030349  0.09489307]
 [-0.2759503   0.58272035 -0.46035968]
 [ 0.44404693  0.03552043 -0.70242543]
 [ 0.49349269 -0.48505324 -0.21760995]
 [-0.61916515 -0.04462186  0.55321834]
 [ 0.30086494 -0.25543101 -0.22455074]
 [-0.31572332  0.56531342 -0.40090728]
 [ 0.04478333  0.18546236 -0.38932277]
 [-0.20531415  0.44737236 -0.39985617]
 [ 0.15046482 -0.25479018 -0.05866273]
 [ 0.12282356 -0.13849583 -0.13336681]
 [-0.26490437 -0.69788908  0.83569254]
 [-0.15690084 -0.09751936  0.12696813]
 [ 0.40636478 -0.5384166  -0.08286899]
 [-0.33566607  0.46957478 -0.2763089 ]
 [-0.4985746  -0.39916124  0.78323161]
 [ 1.0476181  -0.56417215 -0.74694735]
 [ 0.41791357 -0.29619832 -0.33265321]
 [-0.16719698  0.26126207 -0.24427158]
 [-0.52577369  0.86680775 -0.50901873]
 [-0.26835011 -0.48718213  0.62519881]
 [ 0.36950947 -0.37480152 -0.19619465]
 [ 0.03976307  0.03336201 -0.23455926]
 [-0.41288911 -0.36003703  0.6490551 ]
 [-0.06164746 -0.0461604  -0.01411338]
 [-0.18604554 -0.15302351  0.20275648]
 [-0.18314636 -0.14458625  0.20028732]
 [ 0.16055008 -0.03230682 -0.29797326]
 [-0.29092775  0.03056207  0.12285065]
 [ 0.29334478 -0.14784266 -0.33475789]
 [ 0.28631879 -0.19577603 -0.27385557]
 [-1.07170364  0.40147681  0.56716605]
 [-0.23317791  0.6223751  -0.56088141]
 [ 0.21084642 -0.49754251  0.09386668]
 [ 0.38992237 -0.20749596 -0.3784056 ]
 [ 0.01501313  0.44811936 -0.64483396]
 [-0.32654648 -0.26966749  0.46455739]
 [-0.14253064  0.39864608 -0.41592888]
 [ 0.59070088 -0.24407903 -0.57421787]
 [ 0.40123238 -0.38073216 -0.20971626]
 [-0.14410221 -0.12659591  0.12873706]
 [ 0.17685441 -0.80694572  0.43768551]
 [ 0.10486766 -0.35408748  0.08385703]
 [ 0.86998166 -0.66065978 -0.43715539]
 [-0.00428235  0.01489882 -0.1461257 ]
 [ 0.19230733  0.31589665 -0.70711674]
 [-0.22526502 -0.14589911  0.24085607]
 [ 0.69697401 -0.40100255 -0.53332507]
 [-0.15418417  0.52468141 -0.54347272]
 [ 0.05758037 -0.03306916 -0.16951117]
 [ 0.11934501  0.04488693 -0.33946229]]
Decimal output:[0.95969438 0.00216133 0.06076922]   Resultant Output: [1, 0, 0] = A  Expected Output: [1 0 0]
Decimal output:[0.00258601 0.9903132  0.0229278 ]   Resultant Output: [0, 1, 0] = J  Expected Output: [0 1 0]
Decimal output:[0.06186232 0.09515213 0.4936064 ]   Resultant Output: [0, 0, 0] = Ambiguous Character  Expected Output: [0 0 1]
Decimal output:[0.9843518  0.01783404 0.00237837]   Resultant Output: [1, 0, 0] = A  Expected Output: [1 0 0]
Decimal output:[0.00409762 0.98831132 0.0162425 ]   Resultant Output: [0, 1, 0] = J  Expected Output: [0 1 0]
Decimal output:[0.06518946 0.01197174 0.90151438]   Resultant Output: [0, 0, 1] = P  Expected Output: [0 0 1]
Decimal output:[0.75530624 0.00254445 0.06663124]   Resultant Output: [1, 0, 0] = A  Expected Output: Ambiguous Character

Learning Rate: 0.1

Total Epochs Performed: 796
Error: 0.009992329813126354
The Weights are: 
[[ 0.13976643 -0.5144302   0.21539818]
 [-0.28872131 -0.23617443  0.38866858]
 [ 0.00198512  0.02029941 -0.15603734]
 [ 0.12990259 -0.23570827 -0.04154124]
 [ 0.22210698 -1.00086059  0.61682823]
 [ 0.02995231  0.08403291 -0.25464145]
 [ 0.29775182 -0.27163759 -0.17943236]
 [ 0.50565503 -0.32556648 -0.35670897]
 [ 0.00321953 -0.4359736   0.2835323 ]
 [-0.08858274  0.10608114 -0.15178936]
 [ 0.63536696 -0.64819681 -0.17051636]
 [ 0.66707878 -0.39585331 -0.45126713]
 [-0.15958318  0.12472786 -0.10375026]
 [-0.34002227  0.32587582 -0.12028219]
 [-0.61519026  0.21765082  0.27107967]
 [-0.38149129  0.35314833 -0.09676108]
 [ 0.36186432  0.1118368  -0.65126008]
 [-0.10560688  0.29797048 -0.31791531]
 [ 0.2866014  -0.2428296  -0.20304105]
 [-0.33061217 -0.29235749  0.50353054]
 [-0.25445829  0.28420227 -0.14958494]
 [ 0.04221226 -0.64449382  0.43769825]
 [ 0.56175809 -0.01559759 -0.73407575]
 [ 0.05819246  0.20280421 -0.41344241]
 [-0.47031177 -0.30430196  0.66793695]
 [-0.40548641  0.22276851  0.04467128]
 [ 0.17026085 -0.43452013  0.10570135]
 [ 0.36216126 -0.45722561 -0.08478633]
 [ 0.38391558 -0.19872844 -0.34562306]
 [ 0.54734399 -0.32131879 -0.40052249]
 [ 0.42557452 -0.17380892 -0.41063944]
 [-0.23825143 -0.09962683  0.21595312]
 [ 0.22731895 -0.24238398 -0.14143227]
 [ 0.43671145  0.28679662 -0.91945043]
 [-0.17277323  0.48174901 -0.44601151]
 [-0.2554055   0.10950719  0.02025812]
 [ 0.20072308 -0.43712326  0.07347659]
 [ 0.19562401  0.14244825 -0.50770344]
 [ 0.17156217  0.37059361 -0.70984844]
 [-0.66635413  0.85150443 -0.2975744 ]
 [ 0.21085186 -0.17870853 -0.18432174]
 [-0.58307683 -0.13327203  0.60510779]
 [-0.69240802  0.20462523  0.35864305]
 [-0.50920988  0.01627145  0.36875024]
 [-0.06792534 -0.18171007  0.12184504]
 [-0.67564232  0.20373808  0.35010777]
 [ 0.05589    -0.54316555  0.32742476]
 [-0.58130094  0.54611727 -0.08373325]
 [ 0.16326391 -0.16591296 -0.1540287 ]
 [ 0.07726752 -0.1230301  -0.0835673 ]
 [-0.46674693  0.41437807 -0.07166793]
 [-0.34723554  0.64669355 -0.42435907]
 [-0.30830213 -0.41827452  0.60469357]
 [ 0.4753079  -0.61919728 -0.03353308]
 [ 0.27710087 -0.15868523 -0.26537483]
 [ 0.05813172  0.04587111 -0.24507449]
 [ 0.15075843  0.57409197 -0.89774354]
 [-0.30829119 -0.25866662  0.4399249 ]
 [ 0.21459648  0.72952327 -1.13862595]
 [-0.0877584  -0.43837042  0.39452225]
 [-0.05947364 -0.86698138  0.78727298]
 [-0.4726236   0.5783884  -0.23337968]
 [ 0.78810579 -0.34159703 -0.64243381]
 [ 0.16376173 -0.41570275  0.09284263]
 [-0.35752766 -0.31218223  0.55488154]
 [-0.39603445  0.77259245 -0.49072311]
 [-0.45917213  0.31848334  0.02402105]
 [-0.60578664  0.01123924  0.48354392]
 [-0.23603328  0.02266061  0.08051343]
 [-0.50046507 -0.26643521  0.65601917]]
Decimal output:[0.95530624 0.00254445 0.06663124]   Resultant Output: [1, 0, 0] = A  Expected Output: [1 0 0]
Decimal output:[0.00249172 0.99018266 0.02803816]   Resultant Output: [0, 1, 0] = J  Expected Output: [0 1 0]
Decimal output:[0.06443637 0.0863458  0.48717355]   Resultant Output: [0, 0, 0] = Ambiguous Character  Expected Output: [0 0 1]
Decimal output:[0.98582523 0.02040083 0.00248358]   Resultant Output: [1, 0, 0] = A  Expected Output: [1 0 0]
Decimal output:[0.00434823 0.98804758 0.01886039]   Resultant Output: [0, 1, 0] = J  Expected Output: [0 1 0]
Decimal output:[0.06671725 0.01042733 0.89681589]   Resultant Output: [0, 0, 1] = P  Expected Output: [0 0 1]
Decimal output:[0.76383235 0.00161627 0.05295039]   Resultant Output: [1, 0, 0] = A  Expected Output: Ambiguous Character

Learning Rate: 0.05

Total Epochs Performed: 1601
Error: 0.00999987247461079
The Weights are: 
[[-0.08956145 -0.01883788 -0.01414487]
 [-0.60234512 -0.39099616  0.88976399]
 [-0.5264897   0.78202477 -0.34636082]
 [ 0.4890529  -0.04412068 -0.60671073]
 [-0.16536011 -0.29829597  0.33981303]
 [-0.22053493  0.02198101  0.0757756 ]
 [-0.15057209 -0.35214044  0.37342019]
 [-0.2726999   0.34065502 -0.1813968 ]
 [-0.3688097   0.29029506 -0.03238086]
 [ 0.15153048 -0.31077079  0.0071524 ]
 [ 0.40925403  0.26315457 -0.83947889]
 [-0.26599423  0.14559294 -0.00845434]
 [ 0.31120735 -0.17895674 -0.27926968]
 [-0.01516298  0.34866102 -0.47118776]
 [ 0.17554568  0.26255487 -0.59087569]
 [-0.39220482  0.06430781  0.20821829]
 [-0.75192402  0.20204896  0.43119655]
 [ 0.29886857  0.04799287 -0.50341724]
 [-0.48419639 -0.41257363  0.78611008]
 [-0.55303393 -0.21013442  0.65093294]
 [ 0.51552674 -0.07646499 -0.60919407]
 [ 0.71989145 -0.75062468 -0.15486594]
 [ 0.05399503 -0.15496019 -0.03391225]
 [-0.3983054   0.35166754 -0.06185048]
 [ 0.61602109 -0.27859268 -0.50355402]
 [ 0.51755127 -0.54253617 -0.15157019]
 [-0.53558372  0.24030041  0.1708204 ]
 [-0.39837374  0.74608733 -0.44880435]
 [-0.37553845  0.00765002  0.24383214]
 [-0.40014922 -0.37375286  0.66505411]
 [ 0.0574118   0.67693635 -0.87027303]
 [ 0.48374688  0.1998834  -0.85717887]
 [-0.22969414 -0.19426864  0.29134415]
 [ 0.1575092   0.32939176 -0.6462489 ]
 [-0.32189919  0.3089515  -0.10615817]
 [-0.15879803  0.3252638  -0.29181743]
 [-0.17920426 -0.12299323  0.1689576 ]
 [ 0.30221111 -0.11388253 -0.3447278 ]
 [ 0.11339899 -0.53702588  0.25622763]
 [ 0.37808445 -0.80259682  0.24249908]
 [-0.18560688  0.57795615 -0.50308113]
 [ 0.47301785 -0.74683882  0.08414082]
 [ 0.01173656 -0.15638776 -0.00027537]
 [-0.53059256  0.77914309 -0.3388064 ]
 [-0.04431225 -0.17852291  0.07894414]
 [-0.4654734   0.29761224  0.05793478]
 [ 0.25222776 -0.6568349   0.22640692]
 [ 0.5832028  -0.63321052 -0.12933109]
 [-0.12963162  0.08001422 -0.09072212]
 [-0.3418665   0.05409138  0.15811033]
 [-0.0512224   0.41878715 -0.50633768]
 [-0.13740512  0.25949927 -0.24381485]
 [ 0.42282567 -0.05645695 -0.53212862]
 [-0.47382399 -0.27176541  0.62778665]
 [ 0.30130466 -0.52809816  0.06160693]
 [ 0.17309835 -0.50459347  0.17874144]
 [ 0.75369116 -0.39596645 -0.53416474]
 [-0.90144954  0.2453708   0.55454969]
 [-0.05208222 -0.34474962  0.25795138]
 [ 0.21848036 -0.02814197 -0.33048836]
 [-0.01259229  0.13515019 -0.25026283]
 [ 0.03287167 -0.7970657   0.6001602 ]
 [-0.05181887 -0.25237674  0.15968031]
 [-0.68926979  0.02179387  0.56005514]
 [ 0.03566257 -0.52951207  0.3366758 ]
 [ 0.1266907  -0.39742324  0.10947157]
 [ 0.26917473 -0.00371104 -0.41306305]
 [-0.34035116 -0.12711207  0.34701701]
 [-0.20712794  0.16272645 -0.08485727]
 [-0.15406162  0.72346677 -0.68806722]]
Decimal output:[0.95440616 0.00289745 0.06572154]   Resultant Output: [1, 0, 0] = A  Expected Output: [1 0 0]
Decimal output:[0.00262148 0.99009556 0.02897262]   Resultant Output: [0, 1, 0] = J  Expected Output: [0 1 0]
Decimal output:[0.06433923 0.08373551 0.49014525]   Resultant Output: [0, 0, 0] = Ambiguous Character  Expected Output: [0 0 1]
Decimal output:[0.98500353 0.0211709  0.0027954 ]   Resultant Output: [1, 0, 0] = A  Expected Output: [1 0 0]
Decimal output:[0.00459256 0.98836112 0.01903811]   Resultant Output: [0, 1, 0] = J  Expected Output: [0 1 0]
Decimal output:[0.06667397 0.00957758 0.89611537]   Resultant Output: [0, 0, 1] = P  Expected Output: [0 0 1]
Decimal output:[0.72493518 0.00103394 0.05410369]   Resultant Output: [1, 0, 0] = A  Expected Output: Ambiguous Character

