
Learning Rate: 0.8

Total Epochs Performed: 410
Error: 0.009991654660133568
The Weights are: 
[[ 0.16399694 -1.07601464  1.06729499]
 [ 0.49858411 -1.08206481  0.14833437]
 [ 0.6806327  -1.04996728 -0.66495184]
 [ 0.32215273 -1.07386713  0.63656268]
 [ 0.2095703  -1.07237967  0.95549806]
 [ 0.60332021 -1.06709032 -0.23324996]
 [ 0.24845941 -1.07144066  0.83254915]
 [ 0.69695281 -1.03747436 -0.83029542]
 [ 0.72235489 -1.01492761 -1.09604235]
 [ 0.74147478 -1.00750485 -1.25081787]
 [ 0.36763288 -1.07920408  0.50290123]
 [ 0.70404676 -1.03307687 -0.93570358]
 [ 0.61948613 -1.06791816 -0.27668324]
 [ 0.68147466 -1.03993872 -0.72691107]
 [ 0.21695791 -1.07618161  0.92473275]
 [ 0.67668232 -1.04468612 -0.68910542]
 [ 0.16314286 -1.07647049  1.07570472]
 [ 0.1709042  -1.07210403  1.05226484]
 [ 0.75846109 -1.00177347 -1.3748791 ]
 [-0.02713238 -1.08752205  1.6721072 ]
 [ 0.15942986 -1.07636663  1.07425158]
 [ 0.70200319 -1.0347888  -0.88887961]
 [-0.02322243 -1.08537541  1.65751386]
 [ 0.10683002 -1.07561684  1.23294303]
 [ 0.19975773 -1.07918446  0.95951043]
 [ 0.72649606 -1.01747315 -1.13056508]
 [ 0.68003954 -1.04527044 -0.74303262]
 [ 0.67109185 -1.04681402 -0.62975856]
 [ 0.10096495 -1.07833147  1.23248991]
 [ 0.65050268 -1.05919134 -0.46701831]
 [ 0.69259228 -1.03356177 -0.83173359]
 [ 0.19616473 -1.07596214  0.98489016]
 [ 0.71220043 -1.02940493 -0.97177849]
 [ 0.75899656 -1.00011698 -1.39459656]
 [ 0.72342657 -1.01798211 -1.11263884]
 [ 0.75763757 -1.00266131 -1.38548879]
 [ 0.70715165 -1.02766399 -0.97453045]
 [ 0.75397634 -1.00471196 -1.33997457]
 [ 0.60036256 -1.07215136 -0.2142199 ]
 [ 0.7369235  -1.01706595 -1.18309175]]
Decimal output: [0.97795538 0.00000002 0.01890936]   Resultant Output: [1, 0, 0] = A  Expected Output: [1 0 0]
Decimal output: [0.00281437 0.98528446 0.02030851]   Resultant Output: [0, 1, 0] = J  Expected Output: [0 1 0]
Decimal output: [0.01553338 0.01577331 0.94759728]   Resultant Output: [0, 0, 1] = P  Expected Output: [0 0 1]
Decimal output: [0.98215722 0.00000001 0.00965399]   Resultant Output: [1, 0, 0] = A  Expected Output: [1 0 0]
Decimal output: [0.00283588 0.98458601 0.02123822]   Resultant Output: [0, 1, 0] = J  Expected Output: [0 1 0]
Decimal output: [0.04911123 0.00048486 0.98392141]   Resultant Output: [0, 0, 1] = P  Expected Output: [0 0 1]
Decimal output: [0.78275824 0.22160189 0.00853508]   Resultant Output: [1, 0, 0] = A  Expected Output: Ambiguous Character

Learning Rate: 0.4

Total Epochs Performed: 805
Error: 0.009991918067664987
The Weights are: 
[[ 0.3186011  -1.04757946  0.61519989]
 [ 0.68744498 -1.00786927 -0.75300537]
 [ 0.76800534 -0.96408884 -1.38774464]
 [ 0.72556079 -0.99497678 -0.98030641]
 [ 0.69928502 -1.00411231 -0.80035162]
 [ 0.72246697 -0.99524026 -0.96371062]
 [ 0.04307264 -1.05788463  1.42757615]
 [ 0.71933942 -0.99541764 -0.98292446]
 [ 0.62717145 -1.03262594 -0.33162933]
 [ 0.13679417 -1.05034824  1.15304709]
 [ 0.67404299 -1.01751559 -0.59780804]
 [ 0.20035169 -1.04535703  0.94492168]
 [ 0.08699215 -1.05321371  1.30765346]
 [ 0.40092221 -1.04520906  0.38956396]
 [ 0.27964469 -1.04209321  0.73016855]
 [ 0.54912983 -1.04348634 -0.01681556]
 [ 0.36595668 -1.04630539  0.50579893]
 [ 0.08736045 -1.05467812  1.30273174]
 [ 0.1183696  -1.04851639  1.20461492]
 [ 0.05150656 -1.05717288  1.41116865]
 [ 0.44034178 -1.0455684   0.28735015]
 [ 0.73454454 -0.98582347 -1.13928012]
 [ 0.72587401 -0.9900321  -1.01822694]
 [ 0.68794161 -1.00388999 -0.75060999]
 [ 0.04566316 -1.05868808  1.41334235]
 [ 0.138302   -1.04756615  1.13339046]
 [ 0.71170098 -0.99608473 -0.9306263 ]
 [ 0.70718231 -1.00127299 -0.86880634]
 [ 0.76454647 -0.97287408 -1.35547805]
 [ 0.75475453 -0.97307703 -1.23534982]
 [ 0.69165755 -1.01034965 -0.77365481]
 [ 0.7088958  -0.99742843 -0.91490231]
 [ 0.39791817 -1.04662662  0.38475309]
 [ 0.21608124 -1.04519491  0.91637161]
 [ 0.12758582 -1.04938195  1.17426427]
 [ 0.73056332 -0.98848476 -1.10563443]
 [ 0.76724594 -0.96956082 -1.37088865]
 [ 0.70551101 -1.00041699 -0.90605618]
 [ 0.76859272 -0.96512132 -1.39512251]
 [ 0.72050921 -0.98862094 -1.03411332]]
Decimal output: [0.97787191 0.00000003 0.01895266]   Resultant Output: [1, 0, 0] = A  Expected Output: [1 0 0]
Decimal output: [0.00270654 0.98537457 0.01972711]   Resultant Output: [0, 1, 0] = J  Expected Output: [0 1 0]
Decimal output: [0.01557501 0.01674778 0.94900724]   Resultant Output: [0, 0, 1] = P  Expected Output: [0 0 1]
Decimal output: [0.98192778 0.00000003 0.00988684]   Resultant Output: [1, 0, 0] = A  Expected Output: [1 0 0]
Decimal output: [0.00272911 0.98464033 0.02069847]   Resultant Output: [0, 1, 0] = J  Expected Output: [0 1 0]
Decimal output: [0.0497948  0.0005725  0.98328568]   Resultant Output: [0, 0, 1] = P  Expected Output: [0 0 1]
Decimal output: [0.72549814 0.23910189 0.01429829]   Resultant Output: [1, 0, 0] = A  Expected Output: Ambiguous Character

Learning Rate: 0.2

Total Epochs Performed: 1557
Error: 0.009990840553997913
The Weights are: 
[[ 0.53775675 -1.01672272  0.0239995 ]
 [ 0.0762478  -1.059314    1.29861355]
 [ 0.04672761 -1.06940468  1.39055092]
 [ 0.59635401 -1.00843084 -0.18898346]
 [ 0.5708728  -1.00878494 -0.12111025]
 [ 0.7324081  -0.95014782 -1.15389884]
 [ 0.75864296 -0.93389698 -1.31617937]
 [ 0.71848772 -0.95626197 -1.01851058]
 [ 0.14071832 -1.05449094  1.11081954]
 [ 0.62164751 -0.99947696 -0.33649945]
 [ 0.70337981 -0.96043381 -0.95474538]
 [ 0.7408736  -0.9381352  -1.22844655]
 [ 0.62462176 -1.00489113 -0.36864725]
 [ 0.68201858 -0.97785135 -0.76751678]
 [ 0.04614064 -1.07361751  1.39498754]
 [ 0.74474754 -0.93611538 -1.25021288]
 [ 0.72979405 -0.94388316 -1.13207317]
 [ 0.44626045 -1.01973932  0.26280709]
 [ 0.21020082 -1.04688794  0.90172789]
 [ 0.66683888 -0.98352561 -0.61195627]
 [ 0.72216149 -0.95397333 -1.06226368]
 [-0.01875685 -1.0859465   1.63973279]
 [ 0.57997022 -1.00979715 -0.12048289]
 [ 0.53027423 -1.0227354   0.04022183]
 [ 0.39539894 -1.0301245   0.40716483]
 [ 0.73374243 -0.94280293 -1.1633436 ]
 [ 0.56097223 -1.01386062 -0.08295116]
 [ 0.71230307 -0.95705645 -0.97839471]
 [ 0.3859119  -1.0264435   0.43733227]
 [ 0.26769999 -1.03733706  0.75117223]
 [ 0.66400101 -0.9832421  -0.62591108]
 [ 0.75077514 -0.93873896 -1.27186748]
 [ 0.02099932 -1.08074416  1.48245857]
 [ 0.70391289 -0.96348719 -0.89246852]
 [ 0.02412107 -1.07600354  1.45139854]
 [ 0.58301014 -1.01452041 -0.14248241]
 [ 0.69717221 -0.9718597  -0.81781944]
 [ 0.68350553 -0.96999787 -0.76323179]
 [ 0.06959418 -1.06565123  1.29474827]
 [ 0.71092261 -0.95939029 -0.98427656]]
Decimal output: [0.97753051 0.00000006 0.02000645]   Resultant Output: [1, 0, 0] = A  Expected Output: [1 0 0]
Decimal output: [0.00303168 0.98394057 0.02054345]   Resultant Output: [0, 1, 0] = J  Expected Output: [0 1 0]
Decimal output: [0.01566964 0.02029676 0.93972366]   Resultant Output: [0, 0, 1] = P  Expected Output: [0 0 1]
Decimal output: [0.98269436 0.00000006 0.0089154 ]   Resultant Output: [1, 0, 0] = A  Expected Output: [1 0 0]
Decimal output: [0.00305321 0.98326553 0.02136666]   Resultant Output: [0, 1, 0] = J  Expected Output: [0 1 0]
Decimal output: [0.04654977 0.0008544  0.98032574]   Resultant Output: [0, 0, 1] = P  Expected Output: [0 0 1]
Decimal output: [0.79848159 0.24848419 0.02156461]   Resultant Output: [1, 0, 0] = A  Expected Output: Ambiguous Character

Learning Rate: 0.1

Total Epochs Performed: 3125
Error: 0.009997339722249567
The Weights are: 
[[ 0.69834631 -0.93947136 -0.94523273]
 [ 0.66346679 -0.96917995 -0.60151941]
 [ 0.53247706 -1.01169996  0.02707647]
 [ 0.69886398 -0.93687911 -0.9135071 ]
 [ 0.7068637  -0.94077176 -0.92825647]
 [ 0.16941798 -1.06610395  1.0158735 ]
 [ 0.56724226 -1.00350275 -0.08052793]
 [ 0.70516238 -0.93993292 -0.91255888]
 [ 0.70063094 -0.93818551 -0.90437065]
 [ 0.7392461  -0.91657538 -1.21592286]
 [ 0.05676241 -1.09299844  1.36086085]
 [-0.01135942 -1.1059555   1.59395592]
 [ 0.69106558 -0.94310049 -0.86697258]
 [ 0.21713053 -1.05371634  0.89895937]
 [ 0.69983049 -0.9383572  -0.908886  ]
 [ 0.65327319 -0.96598784 -0.53595442]
 [ 0.00415483 -1.10611723  1.55749329]
 [ 0.67087574 -0.96506244 -0.64694464]
 [ 0.71244884 -0.93202839 -1.01483234]
 [ 0.0526735  -1.09863622  1.39284734]
 [ 0.67474668 -0.95406416 -0.69346869]
 [ 0.63212466 -0.97659325 -0.42190658]
 [ 0.63413516 -0.97878089 -0.44822206]
 [ 0.68922352 -0.95054467 -0.77548698]
 [ 0.46133745 -1.01938083  0.25053457]
 [ 0.17857108 -1.06540626  0.99548917]
 [ 0.37574053 -1.03040843  0.47512849]
 [ 0.73187557 -0.92831629 -1.0958042 ]
 [ 0.1162253  -1.08217319  1.20185195]
 [ 0.038139   -1.09673944  1.42814937]
 [ 0.06436724 -1.09109979  1.35251805]
 [ 0.70644924 -0.92907264 -0.98144875]
 [ 0.72499357 -0.91607556 -1.13446875]
 [ 0.72510231 -0.92155819 -1.12436555]
 [ 0.64929521 -0.96967992 -0.51141478]
 [ 0.68432361 -0.95620933 -0.75043861]
 [ 0.63798765 -0.9683814  -0.46582001]
 [ 0.58549478 -1.00037941 -0.15536005]
 [ 0.63912021 -0.97529308 -0.48656658]
 [ 0.55395747 -1.00909693 -0.06008789]]
Decimal output: [0.97725706 0.00000009 0.01982502]   Resultant Output: [1, 0, 0] = A  Expected Output: [1 0 0]
Decimal output: [0.00332004 0.98319762 0.02063127]   Resultant Output: [0, 1, 0] = J  Expected Output: [0 1 0]
Decimal output: [0.01583011 0.02274743 0.93290598]   Resultant Output: [0, 0, 1] = P  Expected Output: [0 0 1]
Decimal output: [0.98275824 0.00000009 0.00853508]   Resultant Output: [1, 0, 0] = A  Expected Output: [1 0 0]
Decimal output: [0.00334096 0.98253115 0.02142098]   Resultant Output: [0, 1, 0] = J  Expected Output: [0 1 0]
Decimal output: [0.04391981 0.00109861 0.97843701]   Resultant Output: [0, 0, 1] = P  Expected Output: [0 0 1]
Decimal output: [0.71485626 0.26431959 0.00748651]   Resultant Output: [1, 0, 0] = A  Expected Output: Ambiguous Character

